744 0 668
2149 0 32
2511 2 764
2437 2 1314
827 0 606
2625 2 1076
2550 2 1201
1431 0 374
2425 2 1524
2198 0 274
2475 2 1619
2535 2 1227
1114 0 14
2591 2 1871
2431 2 984
1870 0 375
1254 0 600
2625 2 1215
2027 0 165
2442 1 553
958 0 486
2496 1 612
2394 0 475
1517 0 606
2468 2 1499
2543 2 1677
2446 2 1679
2509 2 2019
1809 0 129
859 0 272
772 0 190
2531 2 2174
2591 2 2310
2371 0 181
1408 0 389
1184 0 382
2597 2 2112
1426 0 612
2605 1 652
1210 0 563
1028 0 584
2563 2 2105
2451 2 762
2273 0 501
1150 0 515
2509 2 2135
2431 2 1061
2472 2 1503
740 0 203
822 0 649
2543 2 1329
2375 0 28
2506 2 1313
2006 0 352
2397 0 448
2093 0 431
2550 2 708
820 0 463
2552 2 1308
2143 0 349
1917 0 460
2481 2 1292
940 0 661
804 0 79
2454 2 2257
1764 0 263
1036 0 20
2571 2 1812
1465 0 311
2450 2 1160
2490 2 1795
1551 0 616
1187 0 395
1927 0 480
1800 0 278
2531 1 583
1938 0 667
2591 1 27
1080 0 50
2002 0 280
2037 0 296
2591 2 1686
2536 2 1409
1162 0 361
2564 1 256
2260 0 539
1132 0 86
1829 0 489
2591 2 1331
1464 0 137
2446 1 570
1279 0 666
2628 2 2014
1358 0 556
2571 2 2232
2475 2 701
2627 2 1779
2591 2 1388
2591 1 109
2322 0 456
2620 1 444
1040 0 520
2568 2 1498
2128 0 580
1400 0 63
2420 0 642
2552 2 750
2486 1 276
2523 1 75
2479 2 754
1280 0 436
2472 2 1270
2591 2 1881
2231 0 484
2041 0 4
1948 0 591
2536 2 1130
1266 0 540
2548 2 1469
845 0 73
2075 0 403
1143 0 426
2625 2 1947
2523 1 215
2536 2 1148
1604 0 165
898 0 248
1060 0 491
2005 0 258
2486 2 2355
2591 1 363
2625 2 1303
2625 2 2072
2610 2 1040
1637 0 433
947 0 202
2594 2 1179
1300 0 575
2591 1 197
2591 2 1399
2326 0 620
1101 0 181
2442 1 592
903 0 661
1131 0 194
1616 0 590
2083 0 414
1721 0 130
2441 2 1709
2509 2 1598
1992 0 158
2127 0 103
2591 1 353
880 0 475
2552 2 1059
2569 2 1549
2531 2 1771
2445 2 2041
2522 1 346
2571 2 2062
2448 2 1781
2590 2 1205
2525 2 1408
2001 0 51
973 0 186
1036 0 71
2591 2 1245
1983 0 668
2073 0 312
2433 2 2136
2331 0 422
1648 0 173
2607 2 1077
2454 2 1802
1668 0 6
2434 2 1455
1319 0 4
1487 0 469
2061 0 246
1145 0 254
2548 2 1564
2493 2 2137
2310 0 230
2241 0 121
2511 2 1285
1815 0 304
780 0 591
2478 2 1235
2486 1 330
1760 0 94
2568 2 1567
2049 0 95
1096 0 635
2578 2 1194
775 0 280
1154 0 498
2614 2 883
1365 0 668
1323 0 255
1390 0 638
1257 0 528
1127 0 201
2591 2 1698
1409 0 427
812 0 130
1666 0 480
1186 0 572
1322 0 279
2570 2 1780
2411 0 31
2591 2 1011
2480 2 882
2533 2 2295
2598 2 1021
1998 0 48
1447 0 290
2521 2 1556
1570 0 677
2591 1 130
2591 2 898
2591 2 1743
954 0 529
2628 2 850
1875 0 82
2591 1 248
2552 2 960
1647 0 134
881 0 429
2591 2 1293
2498 2 917
2599 2 776
1982 0 339
746 0 522
1019 0 649
2074 0 478
2550 2 2192
1612 0 469
2517 2 2115
2552 2 2074
2591 2 2407
1320 0 561
1659 0 107
2495 2 1641
1593 0 547
2552 2 2018
2454 2 1232
2102 0 316
1563 0 108
2522 2 1710
2591 2 724
2615 2 779
1970 0 308
1674 0 9
2439 2 1955
850 0 9
2473 1 466
970 0 44
1434 0 436
2559 2 2308
2569 1 225
2563 2 793
1265 0 304
2238 0 460
2522 2 2304
2475 2 1143
985 0 302
2317 0 140
2451 1 660
2008 0 604
2433 2 1873
1252 0 659
2629 2 776
2468 2 2314
2511 2 1279
2425 2 1538
2399 0 253
1075 0 335
2591 1 100
2615 2 903
1077 0 332
2521 1 667
2591 1 450
2067 0 58
754 0 630
2537 2 1409
1199 0 565
2258 0 654
2571 2 864
1117 0 79
2401 0 310
2486 2 1509
2591 2 2040
1454 0 423
2023 0 215
2627 2 1294
2452 1 370
1689 0 491
1862 0 267
1824 0 67
2507 1 128
2590 2 1206
2586 2 1257
2439 2 1072
2357 0 436
2591 2 1558
2591 2 703
1951 0 511
2554 2 1420
1398 0 685
2612 2 2112
2472 2 2095
2552 2 1935
1170 0 466
1942 0 6
2483 2 695
2571 2 841
1232 0 604
2607 2 1677
1532 0 152
2428 1 631
2571 2 2032
2591 1 534
2486 1 423
1759 0 436
1540 0 601
2591 2 1876
2038 0 497
2454 2 1443
2196 0 484
1380 0 612
2488 2 2382
2591 2 2406
1422 0 504
2215 0 498
1331 0 408
793 0 68
2394 0 53
2500 1 424
2180 0 616
2591 1 648
782 0 165
2223 0 288
1234 0 596
2502 2 2171
2445 2 1847
2552 2 1527
2604 1 459
2475 2 1657
2591 1 51
2468 2 2262
1304 0 157
2318 0 646
2607 2 1732
2591 2 1589
2312 0 167
2591 2 1889
2591 2 1378
2591 2 971
2591 1 581
2425 1 558
926 0 491
2575 2 732
1370 0 604
2591 2 1737
2543 2 1241
2144 0 215
797 0 466
2597 2 1099
2442 2 1506
2591 1 167
2454 2 1767
2560 2 1612
2615 2 2349
1136 0 580
1471 0 387
2591 2 939
1952 0 79
1133 0 119
2425 2 1605
811 0 299
2472 2 687
2510 1 312
2614 2 1885
2523 2 1335
2591 2 974
2543 2 2422
2591 1 139
1792 0 56
1601 0 630
2197 0 202
2276 0 299
1565 0 101
2509 2 1715
1208 0 617
1282 0 144
2591 1 317
2454 1 211
2571 2 976
2587 2 2290
1601 0 547
2560 2 845
2498 1 682
2451 2 1969
2247 0 648
2453 2 1233
2440 2 990
2599 2 2199
2591 2 1056
814 0 49
1765 0 529
716 0 469
2591 1 40
2586 2 991
1139 0 584
2591 2 1700
2591 2 1813
2468 2 1424
1195 0 219
2607 2 1124
2590 1 527
2162 0 292
1289 0 512
2488 2 1337
1313 0 529
1129 0 372
2471 2 2007
2591 2 1583
2591 1 58
2509 2 1616
2439 2 1236
2591 1 60
2426 2 2061
2591 2 1650
2591 2 1236
2526 2 1091
2433 2 1046
2531 1 390
2488 2 1621
2481 1 112
1002 0 159
1245 0 461
826 0 290
2518 1 616
2294 0 52
2525 1 395
1722 0 562
977 0 6
2531 2 2176
2506 2 1685
2591 1 106
1287 0 683
2536 2 1617
1296 0 16
2254 0 4
1651 0 542
1819 0 87
2485 2 2395
698 0 152
2486 2 1454
2571 2 952
2125 0 647
1147 0 604
2614 2 1656
2325 0 283
2565 1 198
2315 0 496
2540 2 2154
1650 0 139
2627 2 2332
2587 1 517
1454 0 29
2157 0 642
2568 2 974
2544 1 322
2627 2 1328
2509 2 1057
2439 2 730
1629 0 580
924 0 78
2540 2 1203
2550 2 758
2489 1 594
2440 2 699
2437 2 2416
1306 0 658
2591 1 95
2591 2 1372
2516 2 1659
2293 0 649
2591 2 1887
2510 2 2285
1375 0 278
2591 2 837
2522 2 748
2560 2 1627
2507 2 1275
1174 0 520
2539 2 1740
1498 0 25
2591 2 2162
1339 0 501
2426 2 1976
2160 0 385
2597 2 1245
2628 2 805
2539 2 1468
1760 0 133
2278 0 624
2511 2 1485
2443 2 2036
2521 2 1610
2591 2 1050
2468 2 2069
951 0 481
2032 0 433
2619 2 2269
1293 0 525
1520 0 237
2066 0 537
2591 2 975
2591 2 1915
1437 0 110
1503 0 493
2034 0 403
2591 2 1301
1784 0 580
2471 2 1439
2591 2 1080
2502 2 1328
2472 2 1800
2591 2 1167
1377 0 536
2464 2 1792
912 0 263
1318 0 227
2440 2 2343
2521 2 1218
2425 2 1482
2591 2 804
2481 2 1611
2453 2 1450
2587 2 2125
2591 2 1137
1130 0 681
2571 2 1550
2591 1 19
1834 0 150
2591 2 1305
2437 2 1712
2150 0 312
891 0 381
934 0 59
1058 0 539
2486 1 499
2517 2 1434
1677 0 26
1281 0 654
2055 0 41
2550 2 2349
2295 0 651
1379 0 494
2591 1 89
717 0 298
2549 2 1433
1044 0 443
1852 0 540
1076 0 372
2522 2 2081
2284 0 611
2219 0 346
2517 2 2403
1089 0 146
1921 0 383
2589 2 967
2606 2 1328
2454 2 1514
988 0 412
1038 0 537
2439 2 1109
857 0 297
2571 2 1438
822 0 591
1268 0 148
862 0 520
2405 0 591
2552 2 707
2614 2 1488
2450 2 1618
1820 0 299
1186 0 409
1308 0 564
2519 1 391
861 0 150
2486 2 972
2591 2 1533
1847 0 4
2552 2 1199
1387 0 685
2440 2 1245
1455 0 136
959 0 567
1479 0 499
1814 0 348
2536 2 921
2429 2 2412
2587 2 2213
1430 0 536
923 0 158
2584 2 2020
2591 2 1175
923 0 546
2497 2 878
823 0 345
1290 0 258
2434 2 1238
1550 0 28
2279 0 261
2525 2 2394
1219 0 103
2536 2 1540
1856 0 572
2433 2 1242
1966 0 350
1860 0 151
2599 2 1492
2003 0 612
2498 1 665
1448 0 494
1756 0 649
1777 0 41
2628 2 2374
2472 2 1057
2569 1 670
2568 1 157
2591 2 2214
2531 2 1653
2512 1 595
2607 2 1114
2628 2 1034
971 0 563
1653 0 617
2123 0 491
2394 0 268
2552 2 2210
896 0 286
2628 2 1281
2523 2 1001
1247 0 541
2139 0 681
2475 2 1547
2153 0 233
2598 2 1630
2552 2 2075
2552 1 597
1171 0 491
2571 2 729
1789 0 649
2419 0 248
2386 0 299
2187 0 498
902 0 408
2552 1 478
1901 0 649
2591 2 1649
2303 0 363
1388 0 677
2592 1 383
2481 1 522
2440 2 2377
2591 1 243
2502 2 1294
2594 2 749
1511 0 1
1217 0 222
2359 0 535
2395 0 307
2571 2 1815
2578 2 2080
1997 0 379
2591 2 1017
2536 1 642
2262 0 580
2425 2 2316
2591 1 64
2433 1 685
1639 0 239
2439 2 1964
1947 0 462
2454 2 1291
2439 2 1463
1514 0 511
2192 0 649
2625 2 813
1758 0 661
2134 0 6
1403 0 541
2071 0 350
2447 2 2074
1397 0 147
2521 1 598
2425 2 737
2591 2 2063
2619 1 141
1492 0 520
2431 2 1078
1542 0 322
2394 0 397
1372 0 561
2527 2 2184
1122 0 604
1376 0 217
2591 1 118
2552 1 565
2627 2 1548
2473 1 328
1321 0 79
1754 0 588
1915 0 267
2559 2 2415
995 0 289
1984 0 25
1506 0 484
2595 2 767
2619 2 816
2508 2 1028
1895 0 5
2507 2 1523
1555 0 427
808 0 335
2392 0 653
1339 0 469
1336 0 580
2054 0 160
2411 0 248
2591 1 559
2573 1 629
1525 0 234
2616 2 1454
2572 2 1168
2468 2 2119
2591 2 1402
710 0 298
691 0 57
2399 0 180
2602 2 2391
2183 0 686
2628 2 1701
2572 2 693
2591 2 1089
2591 1 119
2017 0 317
1528 0 580
2475 2 1561
1529 0 638
2599 2 1040
743 0 212
2591 2 934
2532 2 1304
2603 2 1114
2591 1 188
2308 0 486
2437 1 671
708 0 591
1199 0 564
1236 0 326
1682 0 541
1855 0 580
999 0 580
2591 2 1639
2591 1 38
2591 2 1596
2591 1 143
1411 0 284
1719 0 334
2383 0 531
2591 1 93
2509 2 1518
1145 0 169
2549 1 502
2591 2 1036
2468 2 2274
2467 2 1078
1924 0 250
2245 0 143
2525 2 1020
1804 0 79
2560 2 1276
2486 2 1696
2239 0 289
2624 1 344
2209 0 392
1577 0 659
2591 2 1856
1619 0 443
2454 2 2113
2446 1 378
2167 0 290
2488 2 1848
967 0 228
2486 2 943
2374 0 654
932 0 525
1808 0 152
2591 2 2239
2591 1 88
2563 1 582
2461 2 1991
2591 1 441
1118 0 161
2534 2 1916
2533 2 1240
1091 0 464
2591 1 501
2192 0 591
1520 0 33
2432 2 1824
2568 2 1304
2559 2 958
1576 0 240
726 0 654
2448 2 1055
2461 1 639
2510 2 1465
2303 0 72
2591 2 2312
1729 0 212
2510 2 865
2591 2 1102
2540 2 925
2425 1 496
2591 2 2203
718 0 301
2557 2 1972
2466 2 1401
2533 2 1672
2033 0 524
1109 0 350
2591 2 2392
2326 0 622
2590 1 644
2510 1 311
2552 1 281
2274 0 580
1941 0 686
1973 0 279
2486 2 1563
2548 1 635
1027 0 211
1544 0 285
2615 2 1180
2591 1 138
1960 0 63
2587 1 140
2591 2 1248
2112 0 437
2569 1 607
2433 2 1702
1175 0 677
1812 0 433
2591 1 358
2549 2 720
698 0 181
2552 2 830
1045 0 386
2554 1 279
2577 2 1076
2591 2 1290
2485 2 1978
1452 0 561
2591 1 247
1026 0 629
2512 1 126
1639 0 84
2560 1 116
2560 2 1418
1311 0 630
2591 1 76
2454 2 1069
706 0 216
2473 2 894
2114 0 561
1834 0 139
1957 0 381
1635 0 224
2591 2 1504
2591 1 92
2454 2 1204
2591 1 507
2591 1 289
1442 0 596
2468 2 1357
2434 2 2241
2473 2 1723
712 0 152
2046 0 60
1844 0 484
2212 0 196
2428 1 455
2454 2 1058
2591 2 812
2498 2 1826
2425 2 1087
1800 0 28
2508 2 1079
983 0 617
2343 0 32
1241 0 596
2591 1 236
2550 2 1386
1274 0 102
2027 0 138
2446 2 809
2437 2 1344
2541 1 445
2483 2 1992
2618 2 1252
2525 1 53
2502 2 1779
2511 2 2029
866 0 537
2525 1 318
2199 0 520
2587 2 1967
964 0 623
2563 2 1100
2473 2 1170
2454 2 1990
1809 0 264
2425 2 1971
974 0 232
2628 1 587
1908 0 47
2591 2 1186
2226 0 278
1400 0 233
894 0 466
1173 0 400
1473 0 580
2591 1 421
1460 0 177
2628 2 726
2425 2 1341
1928 0 15
2591 2 823
743 0 356
2606 2 2338
2391 0 600
2543 2 1834
2591 2 890
2571 2 1900
2533 1 651
2591 1 169
1455 0 157
2583 1 549
1776 0 645
2591 2 2114
2393 0 426
1301 0 400
2614 1 0
2486 2 1825
2451 2 1956
1660 0 400
2439 2 2106
2042 0 654
2582 2 1531
1886 0 139
2454 2 1147
1348 0 671
2445 1 429
1866 0 427
2441 2 1590
2464 1 56
929 0 589
2578 1 578
2473 2 797
2439 2 1171
2591 1 230
2227 0 135
2431 1 548
2451 1 413
2536 2 2420
1679 0 435
2514 1 385
2601 2 1353
2591 2 1276
2521 2 1121
1367 0 302
2591 2 1588
2591 1 79
1011 0 353
2552 2 1708
2591 1 241
2461 2 2266
2182 0 639
2406 0 314
2591 2 1049
865 0 312
1090 0 176
2591 2 1987
2531 1 319
1946 0 12
1141 0 612
2591 2 1851
2550 2 2246
1579 0 0
2591 2 1898
2216 0 46
1133 0 183
2591 2 2419
1223 0 298
2509 2 2373
2380 0 558
1042 0 505
2625 2 1541
938 0 429
2584 2 768
1703 0 420
2478 1 113
2623 2 1077
2618 2 1667
957 0 649
1856 0 409
1087 0 535
2560 2 1660
2568 2 769
1618 0 172
2543 2 1650
2460 2 2037
2433 2 2060
2591 1 477
2591 1 220
1228 0 613
2451 2 1591
2454 1 540
2591 2 1845
2409 0 315
2433 2 1221
1896 0 604
2305 0 273
2534 2 2076
2430 2 1334
2563 1 636
2526 2 1727
2482 2 2413
2560 2 1690
2121 0 604
2562 2 2010
2056 0 623
2395 0 310
1383 0 134
2591 2 696
1318 0 12
1507 0 338
1308 0 281
2466 1 376
2591 2 1520
2329 0 50
1030 0 606
980 0 556
2591 2 1879
2151 0 456
2082 0 469
2411 0 54
2479 1 547
2366 0 660
2051 0 407
2249 0 592
2462 1 646
1693 0 671
2445 2 2354
1564 0 635
1724 0 12
2287 0 528
1866 0 219
1677 0 95
1478 0 5
879 0 585
2507 1 545
2467 2 1103
2450 2 771
2453 2 1562
2439 2 2183
2341 0 450
1933 0 499
2591 2 2083
2439 2 1060
2523 1 566
2306 0 586
2429 1 479
989 0 355
2591 2 1865
2571 2 2176
2626 1 533
2448 2 1801
763 0 435
2591 2 924
2568 2 1807
2632 2 1687
2020 0 658
2591 2 2303
2439 2 1689
1266 0 539
957 0 591
2472 2 802
2426 2 1181
1915 0 150
2201 0 140
1286 0 561
2431 1 497
2439 2 2123
2392 0 118
2431 2 807
1124 0 467
2510 2 870
1693 0 83
696 0 93
2176 0 193
2531 2 1753
2591 2 2423
2471 2 2187
1987 0 58
2593 2 1511
2464 1 536
720 0 502
2203 0 253
2439 2 1843
874 0 9
2591 1 37
857 0 655
1695 0 353
2591 1 329
2622 1 295
2591 2 789
1956 0 413
1112 0 497
2573 2 835
2591 1 238
2591 2 1321
2429 1 585
2591 2 1697
2301 0 381
1353 0 431
2523 2 2342
2454 2 1122
1677 0 335
1599 0 454
1662 0 497
1199 0 281
2439 2 2230
2510 2 1904
2439 2 928
2591 2 1320
2591 2 2181
2591 2 1888
2169 0 140
2453 2 1837
2591 1 182
1922 0 110
2430 1 618
1858 0 302
2525 1 397
2130 0 525
1522 0 279
986 0 276
1037 0 272
2063 0 245
2591 2 782
2425 2 1958
2425 2 1694
2428 1 48
2458 2 2116
2606 2 965
2625 2 1454
1251 0 360
1865 0 505
1721 0 299
1971 0 558
1612 0 202
2591 2 1237
1766 0 372
1545 0 63
2591 2 1997
1235 0 451
1111 0 586
2246 0 649
2453 2 2233
2486 2 2086
719 0 351
2443 1 251
2426 2 1777
2591 2 1861
2614 2 930
2329 0 149
1987 0 27
2560 2 1819
792 0 523
2494 2 852
1126 0 321
907 0 606
2478 2 1850
2337 0 591
2166 0 539
2591 1 335
2591 2 2248
2591 2 745
1749 0 127
2524 1 447
2569 2 2338
1845 0 308
2591 1 420
2407 0 420
2439 2 702
2461 2 1832
935 0 661
2446 2 763
2535 2 1751
1684 0 352
2591 2 1042
2485 2 1267
2319 0 600
2365 0 371
2591 2 1690
2591 2 1724
2454 1 438
2486 2 1479
2627 2 882
1143 0 518
1946 0 227
2508 2 2390
714 0 134
845 0 188
2457 2 1000
2475 2 2188
1813 0 400
2508 1 584
1936 0 316
2393 0 518
1069 0 539
2488 1 608
2025 0 168
1009 0 575
2591 2 820
769 0 199
2568 2 1455
798 0 433
2625 2 1364
2252 0 591
2446 2 1172
1537 0 580
2468 2 2129
859 0 563
2587 2 2084
2591 2 1791
2571 1 433
1299 0 580
1454 0 640
2572 2 1507
2549 1 171
1673 0 473
1427 0 0
2552 2 2211
2422 0 596
2425 2 893
1498 0 199
877 0 561
2521 2 1505
1089 0 329
2454 2 2121
2129 0 580
2552 2 1500
2591 2 1952
2560 2 1012
2569 1 394
2509 2 1728
2579 1 610
2468 2 1213
2046 0 100
1687 0 555
955 0 382
2442 2 2196
2389 0 261
1913 0 531
2597 2 829
1394 0 390
2426 1 42
1738 0 350
2118 0 589
2591 2 844
2500 2 760
2465 2 1534
2552 2 1358
2439 2 1119
2431 1 613
2589 2 1486
1043 0 79
2425 2 1893
2591 2 1253
774 0 47
758 0 649
2437 2 1546
2425 2 2091
846 0 89
1987 0 525
1344 0 671
2502 2 2392
1940 0 541
766 0 628
2581 2 1677
2253 0 160
1967 0 517
2135 0 590
2234 0 558
1310 0 315
2585 1 543
836 0 555
801 0 247
2442 2 933
1955 0 623
2237 0 22
948 0 457
2540 2 1496
2587 2 2085
781 0 161
2496 2 1141
1652 0 511
2428 2 2002
2591 1 30
2587 2 2169
2591 2 875
1688 0 300
2591 2 2341
2526 1 464
2439 1 82
930 0 531
1770 0 5
2591 1 560
1717 0 666
2606 2 2112
915 0 541
2564 2 1750
1487 0 407
2425 2 1325
911 0 667
2628 2 2009
2429 1 131
2628 2 855
2591 2 1778
1366 0 550
1357 0 580
2614 2 2302
1669 0 5
2574 2 2036
2591 1 359
2280 0 649
2463 2 749
2628 2 868
2628 2 1810
2591 1 156
2531 1 341
2550 2 1901
2591 2 1485
854 0 288
1185 0 552
2501 2 699
2098 0 555
2425 1 569
2599 2 2384
2591 1 50
1327 0 263
2587 2 2317
2591 1 412
1832 0 639
2392 0 65
2490 2 941
1340 0 95
2486 2 973
1533 0 34
2431 2 727
2426 2 2362
2560 1 61
2225 0 656
1521 0 191
2591 2 919
771 0 172
2498 1 624
1888 0 167
2425 2 1808
2591 1 315
2620 1 367
2591 2 1834
2060 0 685
2475 2 2282
1807 0 438
2591 1 213
2497 2 1149
2591 2 2297
1032 0 674
2538 1 425
960 0 564
1123 0 566
2010 0 530
2591 2 2017
2371 0 179
2426 2 1478
1972 0 373
2433 2 1398
2522 2 1950
2273 0 469
2398 0 192
2426 2 1761
2521 2 1793
2475 2 1044
2552 2 915
2591 1 505
2475 2 2393
2591 2 1773
2621 2 883
2591 1 300
2614 2 796
1810 0 9
2079 0 591
1392 0 588
2511 2 1717
2311 0 136
2425 2 2151
1894 0 138
828 0 272
2454 2 790
1393 0 218
2511 2 1384
2267 0 578
2293 0 591
2591 2 1535
2591 2 1309
2498 1 622
2591 2 1114
2440 1 36
2615 2 721
2046 0 101
2425 2 2234
2108 0 286
2434 2 1946
2591 2 2221
2591 1 161
2550 2 1407
1222 0 596
2049 0 88
2591 1 388
1960 0 233
2568 2 789
2560 2 1578
2552 1 403
2425 2 1587
917 0 632
2552 2 1364
967 0 229
2591 2 912
2081 0 509
2466 2 1918
2486 2 2378
2468 2 999
2533 2 1790
2606 2 1294
2543 2 1776
2578 2 1665
1793 0 667
801 0 222
2425 2 1032
1903 0 173
1332 0 161
2595 2 2025
1260 0 658
2591 2 1731
2516 2 2363
2609 1 473
2591 1 374
1059 0 542
2385 0 351
732 0 170
1462 0 466
2535 1 47
1935 0 597
872 0 32
840 0 35
2627 1 684
2454 2 921
2591 2 833
2173 0 541
2522 2 1425
769 0 25
1304 0 195
2454 2 1807
2591 2 1188
2579 2 1932
751 0 45
2527 2 1300
2591 2 2289
703 0 563
2511 2 1089
2484 1 286
869 0 556
1824 0 68
2560 1 204
1354 0 194
2440 2 1144
2525 1 475
1314 0 671
2528 2 1997
2445 2 2339
2288 0 460
2131 0 661
2571 2 1092
2221 0 316
2568 2 1274
2606 2 1182
2425 2 1806
2591 1 349
2563 1 201
2594 2 1376
2572 2 2243
1734 0 569
2591 2 1862
1262 0 469
2591 2 751
2587 2 1458
2496 2 1380
2599 2 770
2591 2 2241
2439 1 623
2531 2 1475
1085 0 390
2425 2 2346
1441 0 197
2486 1 567
2571 2 1404
2506 2 2264
2625 2 1129
2591 1 563
1401 0 605
2571 2 1375
1839 0 218
2591 2 1699
2429 2 2147
2377 0 579
2496 2 2003
2456 2 1946
2591 2 1400
2610 2 2177
933 0 484
2425 2 1727
2540 2 1383
1711 0 131
2591 1 166
1851 0 173
2627 2 2392
943 0 330
981 0 313
2591 1 272
2224 0 80
2490 2 2385
1768 0 207
1743 0 460
2439 2 1066
2591 2 1298
823 0 561
2591 2 1841
2154 0 134
1746 0 509
2563 1 67
2607 2 1747
2555 2 1120
2300 0 197
1872 0 636
2142 0 290
2486 2 1155
2563 2 2148
932 0 58
2619 1 221
2551 2 1002
2552 2 1329
2462 2 2318
1862 0 150
2628 2 1197
1248 0 408
2454 2 1411
812 0 299
1189 0 288
2587 2 1150
2427 2 1707
1686 0 388
2582 2 1063
1695 0 410
2600 2 1963
1216 0 589
2255 0 649
2591 2 1920
2591 1 73
1554 0 348
2591 2 1857
2560 2 2114
1929 0 545
2436 2 720
2425 2 1854
778 0 284
2431 2 1112
1634 0 299
2425 2 993
2591 2 1490
1995 0 591
1418 0 277
2347 0 378
1946 0 480
904 0 466
2591 2 1332
2560 2 2197
2587 1 514
1997 0 209
2492 2 1455
2153 0 63
2627 2 1863
1840 0 488
863 0 195
1019 0 591
700 0 303
2591 1 368
1189 0 346
821 0 233
2439 1 675
2530 2 1610
1343 0 681
2591 1 233
2503 1 111
2147 0 481
2017 0 3
2428 1 206
2425 2 2109
2478 2 1571
724 0 195
1270 0 278
708 0 649
2531 1 617
2591 2 1099
2606 2 1861
2437 2 1406
2105 0 636
2591 2 1422
1088 0 661
2591 1 183
2537 2 1866
689 0 532
1654 0 661
2591 2 1263
2431 2 1035
2068 0 677
2483 2 2281
1151 0 193
2095 0 28
2536 2 2387
2433 2 2205
1467 0 289
974 0 74
2445 2 753
1950 0 346
2088 0 289
2439 2 968
2488 2 1982
1341 0 569
2571 2 1503
772 0 635
2454 1 284
1526 0 323
2572 2 1067
2435 2 690
2568 2 2419
2591 1 544
2591 2 1819
2509 2 1453
2552 2 1222
2591 1 269
2500 2 933
2439 2 2152
2494 2 2424
2461 2 1543
2578 2 2267
927 0 591
2591 2 859
2591 2 1573
2591 2 2033
2531 2 1853
2193 0 161
2468 2 1707
2591 2 700
2429 2 1711
2454 2 692
2029 0 490
753 0 429
2628 2 2092
897 0 649
1118 0 38
2611 2 1004
2542 2 1602
1193 0 404
2566 2 2336
2591 2 2227
2591 1 571
748 0 288
2433 2 1389
962 0 347
2590 1 656
2591 2 2301
2094 0 229
2525 1 218
2591 2 1412
2591 1 194
1057 0 28
2454 2 1896
2454 2 1417
2591 2 1002
2194 0 642
1316 0 412
2591 2 1943
2481 1 458
2509 2 878
2598 1 452
932 0 27
2591 2 2388
2599 2 1986
2552 2 2422
2569 1 619
803 0 571
1048 0 138
1208 0 390
2486 1 108
2591 2 1007
2519 2 1753
1239 0 79
1416 0 193
2568 2 2017
2590 1 185
2591 2 1418
2615 2 2131
2591 2 800
2441 2 1379
1534 0 343
2591 2 2046
1536 0 580
1755 0 149
2481 2 1739
2520 1 393
1481 0 387
1706 0 167
2593 2 2259
2614 2 2015
2591 1 101
2552 2 2034
2615 2 1088
2606 2 2171
2614 2 761
2349 0 661
2615 2 1762
695 0 546
2614 2 1427
2591 2 1461
1944 0 251
2591 2 2276
2439 2 926
1768 0 332
2591 1 117
1057 0 493
2508 2 876
1444 0 24
1213 0 580
2609 2 1338
2548 2 963
2078 0 189
1790 0 651
1149 0 672
2338 0 384
2170 0 10
2127 0 164
1203 0 134
2048 0 81
2591 1 209
2439 2 2056
2568 2 2191
2486 2 1797
1305 0 457
2426 2 1493
1956 0 59
2425 1 643
2208 0 478
2509 1 309
2486 2 2122
2563 1 68
2571 2 2095
2282 0 443
2591 1 149
2586 2 2287
2047 0 119
2591 2 2296
919 0 105
2472 2 1867
2591 2 1268
2552 2 1359
2591 1 345
2483 2 2050
845 0 294
2133 0 605
1695 0 369
2591 2 1612
2529 2 1030
2496 1 538
2567 2 1366
1445 0 420
1543 0 639
2521 1 234
2591 1 408
2057 0 391
2447 2 1302
2433 2 1390
2439 2 1315
2429 2 1191
2019 0 501
2469 2 2385
2591 2 1284
2550 2 897
2591 2 2410
953 0 481
2610 2 1492
715 0 454
905 0 629
1324 0 501
962 0 112
2568 2 1677
2425 2 2349
2591 2 1464
2432 2 776
2591 2 1764
2591 2 1786
1719 0 111
1566 0 558
2397 0 470
2472 2 2062
2527 2 1317
2439 2 1714
2510 2 1363
2125 0 514
2571 2 798
2568 1 428
1636 0 425
2591 1 331
2628 2 1754
2499 2 2198
1155 0 186
2527 1 575
2625 1 372
2614 2 745
2440 1 489
2591 2 1660
2437 2 1192
2531 2 882
2591 1 2
2560 2 1118
1362 0 409
885 0 9
2591 2 1310
2425 2 913
2591 2 1936
2433 1 638
2591 1 120
1707 0 107
2591 1 407
2439 1 510
728 0 9
2256 0 37
2591 2 1545
2628 2 1435
1271 0 149
737 0 191
2622 2 2070
2596 2 2345
2445 2 1385
842 0 548
2388 0 95
1270 0 275
2587 2 2201
2591 1 72
2503 2 739
949 0 348
2628 2 916
2591 2 1440
2591 2 1910
2431 1 562
1945 0 286
2509 2 718
2550 2 1255
716 0 501
2449 2 961
1756 0 591
2442 2 786
819 0 265
711 0 0
814 0 53
1106 0 29
713 0 533
2627 2 900
2447 2 1064
2591 2 947
2434 2 1927
2454 2 2348
1471 0 324
2568 2 1724
2591 1 176
2425 2 1609
2628 2 1942
2591 2 1641
2573 2 1026
2587 2 1769
2472 2 2226
1035 0 512
2429 2 2418
2439 2 1958
1269 0 290
1516 0 680
806 0 494
1535 0 654
694 0 588
2577 2 1766
1850 0 110
2591 2 1405
2478 2 1229
2508 2 1552
1597 0 531
1182 0 394
2096 0 297
2425 2 1734
2440 2 872
2247 0 242
909 0 629
2591 1 22
2426 2 1560
2591 2 1815
2591 2 1864
2536 2 2194
2587 2 1568
2591 1 381
2470 1 354
2548 2 1014
1558 0 677
2031 0 92
1005 0 401
1642 0 466
2439 2 1941
1607 0 630
2489 2 2331
2449 1 640
2554 2 1650
1146 0 301
2581 2 1512
1984 0 199
1849 0 551
1698 0 349
2496 1 483
2454 2 2000
2591 1 55
1510 0 515
2598 1 205
1219 0 164
1274 0 442
2491 1 69
2549 2 2137
1274 0 136
2539 2 738
853 0 604
2617 2 1605
2628 2 885
1943 0 130
2453 2 1038
1848 0 608
2515 2 1629
1889 0 272
2591 1 142
2591 1 446
2591 2 1772
1592 0 130
2531 2 1899
837 0 408
2591 2 2127
2615 2 935
2503 1 340
2591 1 78
2459 2 2019
2482 2 2355
2591 2 2352
2445 2 938
2623 2 1732
2591 1 14
1001 0 566
1162 0 174
972 0 423
2411 0 269
2519 2 2057
2591 2 1043
2591 2 1273
2425 2 2200
1403 0 419
1477 0 587
1664 0 681
1897 0 123
2429 1 481
2437 2 2356
2454 2 1339
1064 0 478
2591 1 124
2454 1 313
825 0 372
1641 0 165
1910 0 460
776 0 0
2591 1 189
2591 1 442
2546 2 697
2591 2 801
2591 2 2291
824 0 47
833 0 173
2603 2 1732
821 0 63
2552 1 564
1276 0 661
2552 2 1468
2439 2 1023
2425 2 1608
2509 1 301
1930 0 654
1315 0 491
1837 0 537
1363 0 311
2571 2 2059
1284 0 196
1362 0 572
2586 1 528
2591 1 121
961 0 640
2425 2 1190
1369 0 602
1575 0 89
2552 2 1249
2591 1 488
1273 0 213
1599 0 512
2429 2 2161
2591 2 982
2568 2 1089
2138 0 79
1211 0 387
1744 0 452
1515 0 580
2179 0 604
2591 1 180
1027 0 438
1710 0 509
2478 1 110
2560 2 1173
2550 2 1019
2552 2 1718
2591 2 1703
2132 0 385
2588 2 776
1773 0 526
2009 0 587
1958 0 252
1042 0 166
1605 0 411
2550 2 1948
2454 2 2155
2162 0 91
1505 0 348
1836 0 231
1513 0 289
2428 1 321
1587 0 606
2040 0 27
2425 2 1532
2628 2 1586
1135 0 650
1120 0 114
2375 0 493
1497 0 663
1063 0 366
2539 2 2142
828 0 563
2076 0 224
2352 0 274
2591 2 1487
2576 2 1274
2591 1 159
2486 2 1024
2399 0 506
2122 0 423
2531 2 2417
2464 2 1377
1194 0 578
2338 0 657
1763 0 156
1385 0 429
2429 2 879
2478 2 1070
1173 0 223
2302 0 531
1626 0 173
1068 0 279
1025 0 321
2156 0 680
1082 0 591
2453 1 537
2307 0 165
799 0 512
1853 0 336
2155 0 313
2241 0 157
2425 2 1231
1663 0 525
2425 1 147
2596 2 843
1168 0 609
870 0 311
2510 2 2150
2591 2 689
1677 0 96
2531 2 1394
2431 2 1373
2591 1 65
2591 2 932
2486 2 908
2550 2 997
2591 1 80
2531 2 1151
2591 1 132
1677 0 480
2550 2 1782
2465 1 343
2425 2 2330
1643 0 8
1338 0 473
1600 0 165
1288 0 568
2431 2 1722
2445 2 2254
2525 1 396
2349 0 649
2591 2 1970
2525 1 399
1704 0 308
1987 0 327
2589 1 228
2591 2 716
2552 2 1442
871 0 654
2581 2 808
2625 2 825
1923 0 588
2309 0 523
2591 1 154
2591 2 944
2468 2 1473
2434 1 136
2509 2 860
736 0 580
721 0 661
2364 0 667
2177 0 520
2600 1 214
2353 0 145
1592 0 299
2433 2 2361
845 0 187
799 0 454
2454 2 1054
2107 0 460
2426 2 785
2062 0 28
2566 2 1798
2525 1 268
2509 2 1576
741 0 605
2428 1 280
2591 2 1271
868 0 654
1850 0 113
2550 2 2337
2587 1 515
2627 2 1274
2458 2 2268
1761 0 41
1899 0 13
2552 2 1484
1980 0 97
2591 1 273
1640 0 312
2610 2 2263
1993 0 562
2525 2 1187
2548 2 1096
2454 2 1103
1062 0 427
1468 0 290
2339 0 4
814 0 43
1163 0 401
2439 2 2349
2513 2 773
2625 2 2385
2503 2 1719
2425 2 817
2591 2 2376
1628 0 575
1391 0 529
2075 0 556
1676 0 196
1289 0 454
2243 0 338
2532 2 974
1200 0 368
733 0 173
2591 2 1890
1709 0 494
2625 1 462
1844 0 553
2523 2 2023
2628 2 2258
946 0 234
1530 0 527
2430 2 1675
831 0 45
2591 2 1169
1990 0 284
2486 1 474
2591 2 1595
2587 2 1638
1685 0 529
2628 2 920
2571 1 275
2591 2 1816
2471 2 1951
776 0 520
2560 2 974
860 0 301
1196 0 203
1466 0 381
2326 0 633
1233 0 537
2454 2 1264
1775 0 561
2399 0 445
1909 0 37
2454 2 1027
2511 2 1567
2486 2 2170
2553 2 2349
2568 2 1946
2591 2 1574
1271 0 50
1874 0 563
2425 1 465
1787 0 169
2628 1 588
1951 0 498
2425 2 1988
2591 2 1917
2591 2 979
1012 0 421
2428 2 1025
2543 2 2049
2120 0 85
2591 2 1729
2468 2 1926
2601 2 906
2587 2 2242
2628 2 1295
1453 0 301
2591 2 1424
2485 2 1495
1964 0 491
1906 0 350
765 0 586
1272 0 292
2480 2 1294
2454 2 2222
2193 0 38
1098 0 426
2591 2 2143
2481 1 347
2628 2 1678
2437 2 1693
878 0 523
1658 0 429
2591 2 2107
2591 2 1627
2450 2 742
2571 2 1637
2536 1 601
2441 2 2028
2591 1 231
1332 0 38
2628 2 1016
2606 2 1753
852 0 282
1774 0 515
2591 2 1648
2433 2 1387
2454 2 755
2443 1 405
1105 0 151
2628 2 2367
2454 2 2179
2591 2 1323
2425 1 674
1160 0 172
2454 2 1652
2591 1 202
2534 2 1981
2591 2 1592
2631 2 1801
2428 2 1919
2584 1 658
2591 2 2082
2591 2 1196
2475 1 683
2497 1 672
805 0 587
1340 0 96
1968 0 600
2439 2 1276
2591 1 250
2563 2 1824
2552 1 596
2480 2 1412
2509 2 792
2498 1 632
1969 0 413
2439 2 1906
2425 2 2271
1394 0 617
2531 2 2294
2431 2 1993
2591 2 1498
1817 0 23
2426 2 1451
2591 2 892
2591 1 239
2445 2 1319
2480 2 829
861 0 267
1069 0 540
2591 2 1788
2571 2 1867
2553 2 1361
1073 0 96
1304 0 136
1438 0 433
2581 2 1575
2552 2 1823
2591 2 1720
764 0 439
1182 0 324
2591 1 460
1227 0 47
2591 1 274
2599 2 1174
1103 0 211
2597 2 2171
1949 0 569
2628 2 1606
1740 0 290
2527 2 1009
2426 1 246
2591 2 2110
2547 2 1274
2486 2 1230
2181 0 30
2430 1 663
2572 1 603
2510 2 1978
2189 0 654
2552 2 1302
2550 2 2252
1620 0 680
2631 2 2217
2483 2 923
2050 0 158
2606 2 829
2591 2 1704
2628 2 2042
2433 2 2043
1176 0 286
2625 2 719
2203 0 245
2434 2 1677
1576 0 375
2591 2 2340
2486 2 2404
2591 2 2270
2443 1 259
1229 0 297
2394 0 396
1915 0 139
2101 0 548
1857 0 574
2591 2 1105
2536 1 681
2011 0 659
2471 1 498
2272 0 282
1773 0 305
1308 0 565
1303 0 372
1452 0 161
1455 0 39
2439 2 2071
2491 2 791
2591 1 59
2591 1 104
2591 2 808
1638 0 140
1450 0 537
2623 2 1768
2205 0 638
2429 2 1830
1816 0 139
820 0 368
2429 2 784
2484 2 1979
2560 2 1533
2439 1 350
2464 2 1297
1214 0 287
1297 0 56
1070 0 110
1296 0 365
2447 2 1708
2525 1 49
2261 0 141
2439 2 1891
2591 2 1513
2591 2 1396
1553 0 0
2548 1 190
2095 0 493
2628 2 1923
2591 2 1676
2571 2 2226
796 0 0
2628 2 694
1641 0 138
1720 0 412
2458 2 1045
2146 0 352
2522 1 288
2559 2 794
2627 2 1763
2571 2 2375
1200 0 463
1263 0 11
2591 2 918
841 0 433
2425 1 265
2543 2 1222
2454 1 511
2587 2 1774
2481 1 24
1029 0 661
1201 0 591
2144 0 75
1214 0 441
1102 0 488
1818 0 381
2089 0 561
2442 1 115
2447 2 1486
2122 0 29
1678 0 9
1214 0 79
2466 2 741
2509 1 495
2508 2 2372
2049 0 26
1107 0 677
2591 2 1466
2537 2 1195
1428 0 325
2330 0 456
2606 2 2392
1489 0 436
1865 0 166
2531 2 2204
2591 2 1324
2426 2 840
2400 0 604
1121 0 234
2474 2 2163
937 0 292
2560 2 2075
2218 0 548
2531 1 193
1502 0 519
2349 0 591
1785 0 591
2591 2 1905
1506 0 553
2490 2 719
1683 0 493
1475 0 617
794 0 680
2591 1 337
2591 2 1741
2591 1 379
2425 2 1977
1461 0 248
1158 0 591
1861 0 262
2431 2 731
2453 2 1115
2571 2 2417
933 0 553
2540 2 714
1726 0 444
2471 2 1154
2591 1 270
2425 2 873
1113 0 491
2425 2 1395
1183 0 675
1859 0 601
2425 2 2146
781 0 38
2337 0 649
2321 0 286
2591 2 2165
2600 2 1225
1807 0 511
2228 0 426
1687 0 144
2591 1 57
2550 2 1756
1132 0 362
2494 2 1333
2591 1 151
2504 2 805
2591 1 461
2426 2 2055
1998 0 206
811 0 130
2443 2 889
2591 1 314
1157 0 677
2454 2 778
1524 0 606
2607 1 200
2425 2 698
2571 2 1735
2425 2 2178
2009 0 588
2591 2 1860
2580 1 373
2096 0 655
2571 2 1151
2496 1 645
2591 1 216
2191 0 129
2591 2 2068
2535 2 1559
2485 1 310
1395 0 181
2521 2 1814
2571 2 1270
2446 2 735
2447 2 1084
2161 0 430
1519 0 685
2616 2 2202
2552 2 1486
2591 2 2288
1861 0 79
1311 0 547
2536 2 1095
2426 2 1631
2623 1 207
1800 0 275
1032 0 554
1443 0 604
2591 2 1752
1509 0 29
1298 0 79
2591 2 1318
2405 0 649
2466 1 605
2591 2 1877
2447 2 915
2543 2 849
2486 2 795
2473 1 23
1230 0 562
2619 2 2035
2475 1 443
2591 2 2307
2442 2 2240
2285 0 312
2597 2 1779
2591 2 1053
2268 0 386
2610 2 2384
2517 2 2357
2486 2 1880
2435 1 291
1719 0 340
2552 2 1256
1589 0 308
2103 0 312
1726 0 573
1097 0 676
2484 2 1996
2425 2 1517
880 0 268
1237 0 202
1495 0 306
2591 1 258
2625 2 1821
1000 0 471
2327 0 642
2591 2 1467
2290 0 517
1283 0 640
735 0 570
1080 0 149
1085 0 617
2514 2 2160
2591 1 11
920 0 654
2382 0 339
2587 2 1510
2363 0 107
2525 2 1839
1661 0 415
2439 2 1184
2532 2 1274
2606 2 1245
1024 0 29
1886 0 150
2591 2 1663
2521 1 348
699 0 489
2606 2 2397
1486 0 229
1691 0 580
2431 1 454
2591 1 162
1760 0 243
2508 2 2104
2269 0 141
2521 2 1065
2443 2 1944
1692 0 512
2454 2 1852
2456 2 1707
2178 0 673
2568 2 1027
1346 0 630
2509 2 945
2590 2 2225
2536 2 1138
1345 0 272
2433 1 516
2453 2 866
2486 2 1106
2625 2 941
2475 2 1098
1802 0 284
2117 0 101
2591 2 2124
1795 0 351
2476 2 1610
2568 2 924
2628 2 977
1658 0 4
2535 2 1908
2478 2 850
2433 1 614
1406 0 671
1586 0 9
2425 1 535
2478 2 1437
2583 2 2414
1671 0 235
877 0 155
2591 2 1368
2552 2 1624
2439 2 955
2340 0 289
823 0 38
2510 2 2145
2591 1 71
1073 0 95
729 0 433
1677 0 89
2591 2 877
2494 2 2272
1560 0 5
725 0 107
2217 0 627
2591 2 2411
2531 2 2220
2591 1 572
2257 0 511
2523 2 2144
2507 2 2389
2561 2 1140
2591 2 2386
2430 1 664
1708 0 541
2404 0 10
2591 1 133
2228 0 518
1010 0 639
2591 1 409
2591 2 2054
1845 0 160
2591 1 187
1726 0 367
1293 0 58
2550 2 1869
2550 1 591
1404 0 433
2472 2 1375
2475 2 1414
2591 1 122
2549 1 678
1871 0 173
1590 0 494
2454 2 2166
1373 0 613
2298 0 274
1988 0 97
1781 0 521
2552 2 2173
2164 0 625
2571 2 1951
1082 0 649
2463 2 1179
2214 0 258
2591 1 199
2550 2 1789
1876 0 460
2355 0 276
1023 0 491
2591 1 146
2536 2 2139
1697 0 381
2591 2 2294
2591 2 1897
936 0 610
810 0 476
2531 1 336
2591 2 1956
2537 1 427
889 0 405
2522 2 1745
2591 1 504
1826 0 624
1868 0 654
1508 0 255
2582 1 366
2478 1 297
2591 2 1048
1663 0 58
2466 2 2133
1633 0 203
2454 2 2400
2566 2 1365
2614 2 1597
2508 2 1878
2553 1 551
2615 2 818
2591 2 861
2447 2 960
2441 2 776
2130 0 27
2591 2 2329
1745 0 346
1663 0 27
960 0 565
2064 0 489
1361 0 320
2348 0 284
2628 2 998
2591 1 327
918 0 216
1408 0 399
2368 0 175
1020 0 318
2525 2 814
2591 2 1047
779 0 661
2591 2 2344
2428 2 884
2468 2 1515
2591 2 1274
2050 0 546
2045 0 167
1161 0 153
1440 0 117
2527 2 2275
1615 0 661
944 0 216
2336 0 668
1956 0 175
936 0 611
2628 2 1725
2591 2 2212
1486 0 281
2264 0 529
2591 1 195
1386 0 591
1405 0 408
2610 2 2350
974 0 480
2591 2 1716
2425 1 606
2597 2 882
2615 1 661
2629 2 1695
2625 1 602
1527 0 542
1485 0 468
2090 0 6
2539 2 1541
2591 2 2130
1750 0 256
2425 1 577
2628 1 654
2439 2 1875
2553 2 1849
945 0 375
2424 0 282
2454 2 2058
2598 2 1744
2043 0 685
1695 0 99
1325 0 352
2439 1 491
2580 2 1999
851 0 56
2615 2 1670
2484 2 1572
2591 2 888
2614 2 1911
2502 2 2236
2591 1 102
2379 0 606
1932 0 611
815 0 42
2213 0 140
2614 1 531
2591 2 1671
2159 0 130
2502 2 1863
2499 2 2352
2506 1 529
2439 2 2100
1805 0 428
1700 0 560
1757 0 587
2591 2 1818
1475 0 390
2591 2 2120
2591 2 1733
2552 2 1682
1531 0 366
1496 0 134
1799 0 162
701 0 518
1182 0 619
2591 2 1677
2591 2 1374
2190 0 436
2615 2 1350
2522 2 2022
2429 1 615
2510 2 1640
1879 0 469
2591 2 2328
2591 1 173
2606 2 1099
2522 2 2219
2018 0 597
1421 0 543
2461 2 2182
1725 0 6
2452 2 2021
2591 2 1604
2591 2 1210
2442 2 1428
1632 0 510
2606 2 1274
753 0 4
2425 2 1039
2509 2 1928
2591 2 1037
1335 0 566
2591 2 1173
2591 1 304
2425 2 1142
2591 1 210
2628 2 1780
2468 2 1912
1255 0 649
1317 0 575
1961 0 669
1944 0 249
2602 2 1968
2425 1 417
2591 1 235
2512 2 709
1209 0 433
2233 0 537
2394 0 49
2024 0 45
702 0 686
2591 2 1804
2331 0 594
2326 0 682
848 0 563
1050 0 289
2569 2 1211
2463 2 1376
1593 0 630
2591 2 910
2425 1 589
2472 2 2296
2244 0 431
1347 0 677
2603 2 1124
2543 2 2210
1498 0 477
2442 1 325
1499 0 580
1142 0 589
2248 0 138
2373 0 590
1067 0 603
2518 2 2180
2425 1 456
2569 1 384
1771 0 13
1084 0 419
1653 0 390
2114 0 161
2591 1 31
2591 1 305
2568 2 1809
1048 0 165
2486 2 765
1665 0 578
2439 1 382
2618 2 1965
1569 0 602
2522 2 2223
2058 0 604
2442 1 557
2591 2 1239
2536 2 1859
1736 0 649
2443 1 81
2607 2 1768
1835 0 221
2115 0 436
2591 1 365
908 0 625
1631 0 41
2627 2 2236
1134 0 580
1201 0 649
2510 2 1267
2434 2 2311
2591 2 1445
2566 2 1983
1268 0 329
2560 2 1813
1267 0 307
2358 0 458
2591 1 39
1493 0 41
2487 2 1744
2427 2 1367
2591 1 255
1877 0 273
2591 2 1117
692 0 604
991 0 528
1889 0 563
786 0 553
2628 2 1166
2568 2 2241
2439 2 1632
2019 0 469
1307 0 229
1573 0 248
2328 0 236
2627 2 1860
2454 2 2313
2591 2 2001
880 0 396
1037 0 563
2054 0 308
1214 0 2
807 0 613
2166 0 540
2502 2 1135
1980 0 265
1508 0 263
1017 0 333
2591 2 1787
928 0 686
2591 2 2089
2488 1 339
2223 0 346
2072 0 462
2498 2 2185
1276 0 202
2591 1 277
748 0 346
2552 2 2396
1897 0 120
893 0 569
943 0 567
2425 2 1449
2603 2 1747
2572 1 338
2552 2 1084
2550 2 822
1585 0 79
1830 0 479
2591 1 492
2426 1 41
2026 0 38
2591 2 2004
838 0 677
877 0 109
2281 0 158
2591 2 2247
2591 1 400
1864 0 381
1681 0 668
2044 0 315
2047 0 271
2335 0 498
2481 2 1953
2204 0 341
2211 0 541
1926 0 580
2224 0 46
2516 2 725
1255 0 591
2425 2 1397
2092 0 588
2560 2 1081
2534 1 224
2591 2 942
2591 2 756
1103 0 438
1884 0 623
712 0 181
2159 0 267
773 0 406
2538 2 1636
2591 2 1200
2591 1 356
2448 2 914
2475 2 1287
965 0 440
2550 1 649
2433 2 1519
2510 1 307
2425 2 1101
2591 2 1570
786 0 484
2454 2 1951
1995 0 649
2591 1 513
2597 2 1274
2292 0 141
2591 1 469
2566 2 1681
1285 0 666
2610 2 1174
2556 2 2343
2350 0 520
1419 0 661
695 0 158
1021 0 226
2338 0 448
974 0 157
2613 2 1182
2591 1 414
2625 2 1369
2591 1 94
1061 0 548
2165 0 374
2431 2 1599
2591 1 99
2591 1 333
2431 2 1289
1584 0 176
2614 2 1913
2552 1 556
2468 2 736
2591 1 293
1556 0 667
2490 2 1215
1874 0 272
2571 2 1828
2453 2 1278
2619 2 1687
1312 0 617
2439 2 964
1890 0 488
1202 0 316
916 0 9
1474 0 160
2584 2 1260
2591 2 1132
2591 2 1924
2591 1 532
1760 0 76
2550 2 1736
881 0 4
2425 2 1833
2547 2 1304
2472 2 2375
1739 0 458
2370 0 57
2468 2 1537
1744 0 205
2547 2 974
2425 2 1470
1977 0 673
2034 0 556
2591 2 1706
2591 2 1909
2446 2 2347
1700 0 563
2599 2 2350
2592 2 1921
1118 0 621
2521 2 1938
2628 2 2090
2604 1 637
2468 2 1410
2202 0 501
2509 1 240
2041 0 429
2475 1 518
2439 2 1966
2591 2 1820
1606 0 9
2591 1 404
2454 2 1108
2270 0 14
2426 2 931
2591 2 781
2171 0 684
2595 1 168
2479 2 1311
2591 1 292
1071 0 284
2541 2 2399
2522 2 2323
2591 1 254
2591 2 981
1574 0 45
1024 0 423
1541 0 290
1867 0 278
2591 2 1512
2591 1 227
1567 0 468
2475 1 426
2591 2 705
2508 2 1052
1181 0 35
2437 1 83
2427 2 989
2591 2 2253
2494 2 1811
2607 1 332
1879 0 501
2591 2 831
2458 1 386
2628 2 759
2591 1 26
1667 0 659
2591 1 299
2175 0 517
1776 0 596
1783 0 492
2591 2 1304
785 0 41
2410 0 308
1852 0 539
2532 2 1455
2481 2 962
1384 0 490
2514 2 2132
1096 0 190
2454 2 2140
2591 2 2299
849 0 596
2425 2 1566
978 0 482
2591 2 1452
2552 2 1247
2508 2 1277
2552 2 1975
1786 0 105
2591 2 845
2425 1 97
2437 2 1086
2458 1 392
2255 0 591
2591 2 2351
2614 2 2099
1694 0 643
2599 2 2177
1011 0 410
2591 2 1217
1870 0 240
2508 2 1110
2591 2 2024
1167 0 173
1039 0 634
2447 2 1403
2591 2 1803
2502 2 1898
1613 0 181
1512 0 89
2591 1 223
2568 2 801
2232 0 433
2591 2 1775
1538 0 558
1330 0 435
2479 1 630
705 0 125
742 0 172
899 0 567
2235 0 348
2362 0 42
2606 2 882
2591 2 937
1407 0 649
2591 2 1202
1767 0 539
921 0 604
2427 2 985
2606 2 1471
2591 2 1688
2433 1 377
1262 0 501
2425 2 1521
2454 1 539
2598 1 226
2562 1 530
2158 0 22
2591 2 1446
2486 2 959
1480 0 604
1981 0 224
2553 1 320
2361 0 638
2568 2 1897
2521 1 508
2468 1 580
2468 2 1299
2591 2 1474
2483 1 546
2603 2 1077
993 0 535
2591 2 2216
2591 2 1455
1424 0 580
2591 2 2320
2485 1 306
2036 0 81
1937 0 377
1695 0 77
1789 0 591
2591 2 1258
1655 0 272
2425 2 1457
2591 2 2300
2591 1 25
1884 0 604
2303 0 220
2349 0 551
2351 0 98
2338 0 470
2431 2 2101
749 0 217
2572 1 609
1484 0 542
2453 2 1093
2428 2 1925
2599 2 862
707 0 371
1231 0 606
2384 0 520
1630 0 205
703 0 272
2591 2 1214
2591 1 164
734 0 675
709 0 126
1246 0 229
2591 2 1431
2539 1 290
2587 2 2175
2627 2 1051
1385 0 4
1624 0 542
2333 0 313
1119 0 350
2402 0 436
2543 2 1165
2472 1 28
1989 0 368
2485 2 2401
2566 1 668
950 0 612
2511 2 834
2159 0 150
2618 2 2011
1880 0 330
2141 0 230
2591 2 1340
816 0 144
1753 0 336
2610 2 770
2443 2 2112
1425 0 628
2591 1 677
2430 2 1497
2515 2 978
1591 0 7
2426 2 1895
2552 2 869
2519 2 2283
2591 2 1345
1461 0 122
855 0 9
1869 0 649
1724 0 415
2439 2 1152
1014 0 190
1813 0 223
2614 2 1015
2591 2 2198
2419 0 160
1630 0 452
2591 2 1984
2591 2 2256
2552 2 1940
2263 0 520
722 0 585
795 0 586
1295 0 588
1126 0 631
2394 0 43
2440 2 2149
2628 2 728
2486 2 2413
2428 2 1008
687 0 28
2017 0 176
2378 0 625
2509 2 1501
1712 0 671
2440 2 2360
2591 1 402
2594 1 217
2445 2 881
1822 0 300
895 0 124
2591 2 1349
845 0 293
2591 1 77
2219 0 288
1919 0 48
1188 0 408
873 0 97
1137 0 677
1958 0 257
1056 0 561
2439 1 686
2472 2 1683
2591 2 2305
1195 0 427
2583 2 1502
2425 1 411
1791 0 408
1578 0 202
2468 2 1629
2628 2 874
1755 0 50
2503 2 1162
2587 2 704
2550 2 1974
2591 2 1456
2591 2 1371
2545 1 285
2591 2 1094
2523 2 1123
2427 1 302
1275 0 128
1424 0 401
2291 0 105
1470 0 352
2531 1 13
2479 2 1256
2426 1 5
2591 2 1636
1224 0 511
2522 2 766
2439 2 734
2048 0 259
2152 0 350
2200 0 265
980 0 403
1264 0 604
2591 1 18
2028 0 494
2558 2 2318
787 0 562
2277 0 591
2531 2 2369
2552 2 1794
1471 0 394
2591 1 66
2584 2 1306
2479 2 1593
808 0 89
2542 1 298
2583 1 519
2428 2 775
2460 1 296
788 0 580
2502 2 882
1467 0 299
1991 0 639
2425 2 1116
2442 1 484
2591 2 2026
1337 0 339
2425 2 1207
2591 2 2238
2104 0 584
1471 0 619
2628 1 9
1937 0 638
1894 0 165
2397 0 607
2614 2 1018
2468 2 2334
2468 2 1691
2601 1 431
1696 0 474
2500 2 1006
2425 1 416
2486 2 1934
2552 1 283
2628 2 2039
1486 0 228
892 0 421
1349 0 299
2591 1 148
2550 2 2293
2260 0 540
2136 0 685
2426 2 1622
2591 2 803
2537 2 1555
1058 0 540
2472 2 1951
2522 2 2065
1452 0 38
2457 1 471
2478 1 655
2517 2 1489
914 0 521
2590 2 1530
1078 0 497
1011 0 99
2591 1 621
2344 0 488
2606 2 1719
2425 1 342
906 0 431
2480 2 2112
2440 1 32
1704 0 160
2425 2 2359
1827 0 211
1760 0 581
2591 2 1339
2425 2 704
1677 0 88
2088 0 139
2588 2 1318
1358 0 403
1318 0 19
2591 2 821
1803 0 173
1873 0 614
2320 0 79
2216 0 80
2628 2 688
2521 2 911
1867 0 275
2627 2 1898
2591 2 2044
1219 0 480
2615 2 1758
2591 2 2202
2606 2 1779
2406 0 154
2599 1 520
2531 2 1312
972 0 29
1727 0 464
2591 2 1074
1767 0 540
1334 0 664
1022 0 335
2531 2 1416
1881 0 381
2591 2 1161
1580 0 455
1996 0 286
2506 2 1765
1256 0 597
2618 2 1577
1948 0 649
2568 2 1861
1471 0 670
2510 2 2073
2614 2 1742
1846 0 311
2425 2 712
2425 2 929
2254 0 429
1690 0 277
2591 2 2045
1568 0 515
2480 2 2171
2226 0 275
2627 2 1135
2174 0 13
2591 1 641
2591 1 593
1798 0 668
2611 1 8
2454 2 1266
1694 0 416
963 0 190
1474 0 308
1456 0 79
2085 0 515
2543 2 1816
927 0 649
1482 0 589
2591 1 52
1356 0 522
2591 2 2159
2080 0 578
1934 0 10
2454 2 1827
1545 0 233
1700 0 272
2521 2 1554
2591 2 995
2568 2 1132
2516 1 107
2591 2 2220
2477 2 2089
2552 2 849
2539 2 1269
2506 2 954
1547 0 443
2454 2 2333
2591 1 316
1978 0 310
2455 2 691
847 0 580
1946 0 19
1875 0 380
2628 2 1477
2533 2 783
2425 2 2286
2591 1 369
2472 2 1900
2431 2 842
2091 0 181
2509 2 1146
2550 2 2280
1825 0 586
2502 2 1245
1753 0 319
2425 2 907
2425 2 1382
2591 2 2049
2627 2 1861
2473 2 904
1714 0 382
2584 1 472
1608 0 465
2594 2 1547
2568 2 1217
2591 1 203
2506 2 1391
2591 1 45
2591 2 882
2626 2 713
1328 0 461
1821 0 351
1031 0 398
832 0 328
2627 1 679
1410 0 580
1446 0 337
2599 2 2263
1905 0 513
2425 1 599
2297 0 561
2521 2 1644
2445 2 1658
963 0 635
1769 0 140
2203 0 161
1276 0 105
992 0 637
2434 2 1666
2486 2 2303
1292 0 458
2540 2 1647
1943 0 299
2615 2 1276
1649 0 233
2509 2 886
1644 0 234
2569 1 657
1974 0 591
2454 2 981
2425 2 1949
2571 2 1683
2591 1 21
2591 2 1721
1863 0 684
884 0 321
1557 0 595
2591 2 1090
1333 0 282
2591 1 476
1820 0 130
910 0 162
2591 2 2067
2196 0 553
2566 2 1582
2559 1 680
2428 1 44
1323 0 263
2568 2 1002
2087 0 167
1089 0 468
1970 0 160
1919 0 206
2522 2 1746
730 0 491
1218 0 508
1828 0 275
2602 2 1423
2591 2 1219
755 0 284
2425 2 2315
689 0 534
2339 0 429
2589 2 1246
1831 0 56
2426 1 35
1327 0 255
2591 1 525
2521 2 946
2628 1 6
2615 2 1029
2484 1 503
2591 2 1135
1539 0 173
2591 2 1763
2591 2 1250
1992 0 546
880 0 397
1345 0 563
2454 2 1370
2417 0 193
1212 0 585
1621 0 339
2464 2 1430
2591 1 150
2523 2 1705
2591 2 733
758 0 591
2439 2 2172
2571 2 1526
1075 0 89
1423 0 600
2442 2 1844
2451 1 7
1081 0 400
2620 1 573
2509 2 697
1220 0 623
2490 2 1821
1724 0 227
900 0 679
1581 0 195
1104 0 70
2535 2 774
1378 0 266
2591 2 1362
2593 1 1
2472 2 1550
2531 2 983
2569 1 448
2397 0 384
2434 2 1219
2465 2 1031
2399 0 184
2591 2 1262
2429 2 722
2130 0 327
1501 0 523
2220 0 357
2607 1 467
2541 1 184
2454 2 2305
2256 0 14
931 0 42
1869 0 591
2425 2 1030
2439 1 192
2591 1 12
2510 2 1594
2431 2 799
760 0 424
2159 0 299
1374 0 561
869 0 403
818 0 661
2591 2 1164
2482 2 1326
2468 2 1198
1801 0 627
1094 0 142
2569 2 1471
1386 0 649
1342 0 686
2552 1 542
1752 0 18
2486 2 2306
2403 0 436
2625 1 351
2425 2 2006
2484 2 1176
1953 0 458
2036 0 259
2486 2 899
2575 1 170
2591 1 16
1433 0 678
1246 0 228
2421 0 631
2423 0 79
2401 0 307
2591 1 463
2610 2 2199
2552 2 969
2591 2 1354
1891 0 491
2478 2 857
2486 2 1326
2591 2 2158
2539 2 826
1828 0 278
2070 0 295
2130 0 58
884 0 631
2542 2 1223
2543 2 1226
2591 1 85
1309 0 308
913 0 577
1731 0 641
2591 2 740
2251 0 24
2427 2 1858
1504 0 641
1273 0 258
2185 0 665
2579 1 611
2531 2 1208
1206 0 185
2440 2 2064
1053 0 148
1589 0 160
1274 0 157
2591 1 266
2419 0 308
2540 2 1962
2509 2 1870
2614 2 776
1258 0 677
2552 2 1165
2591 2 2153
2049 0 96
2458 2 2209
2591 1 487
1148 0 642
2376 0 289
2163 0 241
1898 0 677
1494 0 370
872 0 579
2486 1 625
2571 2 1209
1567 0 146
2520 2 1749
2591 1 264
2591 2 769
2454 2 1415
1600 0 138
2323 0 509
1259 0 131
2614 2 1553
2431 2 787
2443 2 965
802 0 278
2587 2 2286
777 0 235
2591 2 2191
2486 2 1907
1346 0 547
922 0 149
2591 2 863
1221 0 638
2547 2 1455
2518 2 757
1797 0 186
1240 0 651
2571 2 1646
897 0 591
2591 1 17
2591 1 362
2591 2 1460
899 0 330
2527 2 2030
2447 2 1199
2431 2 2038
1414 0 426
2591 2 2117
759 0 588
2625 2 1795
2534 2 1635
2591 2 1695
2425 1 634
2524 2 1013
2303 0 559
1253 0 38
2591 2 2409
2429 1 418
2499 2 982
2433 2 2248
1925 0 44
1965 0 659
2061 0 35
1439 0 498
2425 2 1980
2537 2 1062
2444 2 1753
1611 0 522
2437 1 449
1007 0 92
2427 1 355
1741 0 238
1657 0 683
1701 0 6
1414 0 518
2425 1 257
1655 0 563
2552 1 541
1459 0 451
2453 2 2066
1083 0 538
1733 0 212
2531 2 1085
1705 0 215
2449 2 1454
2425 1 191
1054 0 313
2552 1 419
2508 2 1243
938 0 4
2560 2 892
2591 2 2229
1883 0 279
2415 0 486
2552 2 2325
2124 0 150
2552 2 2208
1518 0 309
1807 0 211
2120 0 402
1399 0 315
2591 2 1133
2425 2 819
2628 2 1674
2441 1 494
2473 2 832
1607 0 547
2416 0 671
2022 0 288
2591 1 160
1566 0 181
2313 0 284
2568 2 1827
1909 0 14
1562 0 537
2114 0 38
1500 0 564
1956 0 315
2591 2 2250
2550 2 1158
2606 2 1853
1471 0 225
2583 1 500
2486 2 986
2473 2 1817
2570 2 2225
1081 0 223
2591 2 2298
2447 2 1718
1834 0 267
756 0 79
1165 0 596
2200 0 97
2454 2 853
1166 0 587
2563 2 1972
2517 1 436
2440 1 579
2023 0 75
2188 0 683
1617 0 642
2614 2 1579
1523 0 261
2591 2 1584
1782 0 591
2606 2 1412
2591 2 2047
1912 0 580
1158 0 649
2509 1 523
2589 2 1307
2447 2 1247
2468 2 788
2496 2 950
1594 0 311
2550 2 2079
2489 1 422
1169 0 460
2591 2 902
2591 2 2088
2483 1 158
2614 2 921
1897 0 104
2454 2 1071
2468 2 1784
873 0 265
1483 0 420
1074 0 216
1723 0 466
2591 2 1483
2277 0 649
1699 0 160
2425 2 1613
2581 2 1022
1730 0 290
2429 2 1961
2512 2 1557
2591 2 2087
2428 2 1580
2468 2 1336
2571 1 493
2447 2 1308
2426 2 815
2479 2 1346
912 0 255
2510 2 2395
2425 1 352
2627 2 1931
1946 0 446
1070 0 113
2591 2 1327
1747 0 200
770 0 520
1785 0 649
1833 0 634
2346 0 342
2481 2 1444
1610 0 436
1954 0 604
2440 2 1842
2484 2 2321
1249 0 542
2591 2 1575
2591 1 401
2270 0 37
2591 1 232
2307 0 138
2440 2 996
970 0 455
2299 0 236
2026 0 161
2552 2 1491
875 0 18
2600 2 2126
2552 2 1403
2478 2 2096
2478 2 1922
2589 1 229
2550 2 2277
2591 1 308
2065 0 628
1215 0 351
2484 2 2108
2433 2 1956
968 0 382
2604 2 992
2598 2 987
2522 1 509
996 0 36
2591 1 410
1916 0 224
1649 0 63
858 0 528
2596 2 1781
2507 1 261
2494 1 282
2619 2 1282
2571 2 1057
2507 2 1929
2522 1 628
2113 0 284
2496 2 1432
1892 0 509
2431 2 2218
1772 0 138
933 0 424
2591 1 33
2444 2 1853
2448 2 843
2628 2 1868
1104 0 178
1794 0 596
2012 0 248
1727 0 509
2439 2 1884
2516 2 1707
1181 0 246
2591 2 1886
2276 0 130
2443 1 440
2615 2 1615
834 0 666
2433 2 1529
2568 2 1485
2439 2 1113
784 0 481
2559 1 486
1178 0 418
2116 0 392
2281 0 546
2613 2 1471
2440 2 956
2565 2 1033
2619 2 2261
2543 2 1442
2581 2 1075
2446 2 1330
2511 1 439
2443 1 249
1904 0 312
2508 2 1994
2294 0 40
2591 2 2016
2396 0 597
2591 1 326
2628 2 1985
2568 2 1984
2464 2 1831
2437 2 1348
2425 1 554
2242 0 515
2591 2 1104
2425 2 1355
987 0 453
2475 2 1882
2591 2 2031
2591 1 526
2591 2 1626
2434 2 974
2591 2 2368
1625 0 489
1349 0 130
1350 0 661
2005 0 213
2591 1 222
2591 2 1193
2559 2 1620
2591 1 98
1827 0 438
2554 2 1322
1217 0 247
2343 0 579
2486 2 1111
2478 1 451
2591 2 1634
2240 0 115
1568 0 517
2520 1 127
2618 1 659
1108 0 604
1887 0 92
2606 2 1464
2503 1 334
2610 2 1986
2591 2 1118
1435 0 654
2591 1 457
2472 2 1828
1843 0 686
2119 0 580
2552 2 1234
997 0 591
817 0 352
2619 2 1360
2508 2 1159
1074 0 62
2583 2 1156
2560 2 947
2591 1 163
1564 0 190
2517 2 1759
1787 0 106
2324 0 520
2517 2 2190
2591 2 948
2441 2 887
2628 2 2189
2591 1 357
2591 1 676
2591 1 271
2591 2 1960
2591 1 263
2325 0 434
2625 2 1569
2574 2 2048
2481 2 746
2552 2 1429
2627 1 650
2591 1 303
2481 2 2358
2478 2 1459
2468 2 1528
2498 2 2278
2231 0 553
2591 1 153
739 0 432
2525 1 389
2425 2 1684
2479 2 1607
2468 2 1136
1762 0 661
1978 0 307
2433 2 1128
2587 2 1041
2591 1 242
1713 0 80
2591 2 829
2552 2 1241
2486 2 2164
738 0 290
2259 0 1
1006 0 424
813 0 462
1402 0 167
2552 2 980
1764 0 255
1634 0 130
992 0 459
1920 0 563
2591 2 1075
2418 0 481
1561 0 426
2439 2 2398
2606 2 2181
1660 0 223
1549 0 670
2438 2 1951
2012 0 122
1598 0 590
2503 1 432
2591 2 1272
2591 2 2311
2632 2 2098
2431 2 1230
2627 2 1245
2552 2 1651
2591 2 1539
2503 1 174
925 0 134
1432 0 538
2498 2 2326
2591 2 810
2429 2 1645
2571 2 2195
1072 0 491
2552 2 1776
2369 0 390
2545 2 1544
1077 0 207
2457 2 1244
2488 2 901
1267 0 310
2591 1 165
1900 0 278
2035 0 141
2568 2 1805
1716 0 231
2591 1 91
2206 0 350
750 0 283
2386 0 130
1997 0 626
2531 2 1534
2429 2 1178
688 0 6
1304 0 480
1724 0 21
2552 2 1064
2283 0 391
2591 2 811
2543 2 1794
2184 0 575
2560 2 1724
2610 2 862
1918 0 376
2486 2 1933
1098 0 518
1572 0 286
1472 0 604
2484 2 1945
2425 2 827
783 0 651
1886 0 267
990 0 32
1500 0 281
2591 2 1131
1229 0 655
1614 0 654
2425 1 252
2067 0 525
2425 2 1436
2591 2 706
2568 2 1103
2591 2 2163
1699 0 308
2000 0 313
2522 2 1189
1500 0 565
1013 0 447
1291 0 284
2615 2 940
2425 2 723
2486 1 29
2614 2 2383
1588 0 248
2482 2 986
2591 2 2005
2620 2 1726
1796 0 258
2591 1 212
1106 0 423
939 0 210
1772 0 165
2445 1 4
2448 1 208
2510 2 2401
2591 1 253
2431 2 867
1324 0 469
2591 2 1874
2539 2 1730
2481 2 1356
2591 2 1107
2630 2 2303
2248 0 165
2623 2 1114
2464 2 851
2536 2 1343
2522 2 854
2004 0 167
2429 2 953
2496 2 1083
2591 2 846
1049 0 358
1153 0 429
2587 1 662
2289 0 333
2578 2 1680
2591 2 848
1853 0 583
1116 0 599
1197 0 9
2591 2 1145
2609 2 1673
1902 0 370
2628 2 1125
2425 1 673
2591 1 145
2517 2 2402
2591 2 2245
2429 2 1259
2632 1 555
2360 0 579
1375 0 275
2100 0 350
2587 2 2316
971 0 272
2537 2 2408
2413 0 276
2610 2 776
2275 0 575
2591 2 1755
2450 1 172
959 0 330
956 0 36
2367 0 6
2591 2 1565
1114 0 37
2280 0 591
1571 0 451
802 0 275
2091 0 558
1507 0 603
840 0 246
1161 0 364
2609 2 1351
2591 1 62
2573 2 905
2425 1 152
1099 0 461
2591 2 828
1692 0 454
2517 2 1280
890 0 162
2214 0 213
975 0 151
2448 1 627
2496 2 1426
1491 0 597
2591 2 2171
1463 0 623
2560 2 1237
1415 0 604
1381 0 623
2447 2 2208
2186 0 9
1962 0 134
2614 2 711
1449 0 257
2552 1 371
1047 0 105
1732 0 332
2569 1 470
2591 2 743
2627 1 653
1549 0 657
2614 2 1352
1018 0 531
2525 2 880
2486 1 10
2591 2 2051
2525 1 43
2140 0 604
2429 2 1212
2615 2 1654
1583 0 79
2541 1 506
1128 0 516
2591 2 1661
1242 0 685
701 0 426
2472 1 278
887 0 494
1778 0 248
1192 0 671
2086 0 10
809 0 435
780 0 649
1535 0 57
1008 0 206
2202 0 469
1595 0 195
2452 2 1494
2207 0 629
2431 2 1228
2432 2 745
2505 2 2073
1922 0 113
2536 2 1914
888 0 149
2410 0 160
2571 2 856
2554 2 1522
2587 1 647
2439 2 1381
1900 0 275
2250 0 408
2471 2 2215
1715 0 495
2294 0 544
1302 0 478
2539 2 2167
942 0 561
2425 2 1216
2148 0 373
1152 0 350
2475 2 966
2503 1 361
687 0 493
791 0 69
1778 0 122
2602 1 600
789 0 3
2591 1 3
2591 1 175
2428 2 1998
2536 2 2327
2486 1 186
2471 2 2335
1312 0 390
990 0 579
2591 2 2102
1485 0 146
782 0 138
2468 2 1855
2591 2 691
2569 2 1182
960 0 281
1089 0 148
829 0 461
1451 0 5
2591 2 1838
2521 2 949
830 0 371
2591 2 1097
1293 0 27
1989 0 463
1963 0 214
1172 0 570
1033 0 198
2591 2 1005
2014 0 9
2540 1 134
1055 0 208
2628 2 1668
2563 2 1127
1115 0 537
2591 2 1796
769 0 477
2419 0 122
2486 2 1815
1293 0 327
2591 1 574
888 0 50
2425 2 1288
2569 2 1481
2509 1 15
1420 0 279
754 0 547
2628 2 1939
2537 1 219
2591 1 125
1486 0 564
1261 0 640
2191 0 264
2137 0 171
2591 2 988
1469 0 190
2569 1 324
2591 1 96
1946 0 66
2585 2 1421
2342 0 566
848 0 272
2449 2 1261
1683 0 28
1946 0 21
2433 2 994
1627 0 421
922 0 50
1164 0 333
793 0 67
2628 2 1392
2591 1 87
2591 1 626
2569 2 2397
2448 1 521
2586 2 858
2536 2 2157
2016 0 477
2580 2 2148
2591 1 245
2429 2 951
915 0 419
1016 0 9
2522 2 1892
2454 1 604
2425 1 179
2591 2 2019
1467 0 130
2560 2 1301
2619 2 1835
2496 2 1413
2077 0 10
2591 1 524
2591 2 1296
2461 2 1010
2527 2 1628
1125 0 654
2439 2 2052
2536 2 1664
2473 2 2111
2484 2 896
2554 2 1883
2304 0 509
2425 2 2322
2448 2 2345
2354 0 429
800 0 173
2591 1 74
2145 0 312
2509 1 375
2591 1 415
2168 0 517
2511 1 490
2591 1 103
994 0 638
2445 2 1153
2240 0 557
1429 0 556
2482 2 1907
2448 1 552
1780 0 587
2021 0 370
2591 2 1946
2532 2 2241
1180 0 661
2547 2 2241
2502 2 829
1736 0 591
2591 1 46
2589 2 2094
2521 2 2235
1360 0 144
2454 2 1884
2473 2 1642
1622 0 5
2591 2 1567
2492 2 974
2591 2 1822
2381 0 181
2392 0 124
2408 0 427
2499 2 2298
2569 1 387
2442 2 1918
2573 2 909
2550 2 927
1490 0 164
2454 2 1472
1396 0 299
2615 2 1419
2454 2 2008
752 0 683
2550 2 1082
2591 1 84
2480 2 1779
2454 2 1954
2591 2 891
2508 2 1139
1596 0 203
2563 2 1999
2431 2 1692
2591 1 287
2486 2 2077
768 0 472
1932 0 610
2513 1 406
2591 2 777
1412 0 487
2591 2 1157
2591 2 1081
2454 2 1480
982 0 274
2571 2 1800
2591 2 1713
2581 2 846
1437 0 113
1503 0 28
2591 2 1799
2222 0 511
945 0 240
757 0 616
2577 2 825
966 0 443
2449 2 1283
2619 2 2292
2555 1 114
2030 0 575
2454 2 1224
1582 0 668
823 0 161
2591 1 70
1250 0 92
1093 0 537
1278 0 537
2468 2 2128
2425 1 181
1788 0 231
2603 2 1768
1034 0 9
2550 2 957
2439 2 2206
1290 0 213
2591 1 63
2591 2 1809
1645 0 615
1205 0 644
2236 0 331
1127 0 582
2253 0 308
2486 1 586
2591 2 1286
2053 0 350
2425 2 2380
2554 2 1973
843 0 521
2591 2 2078
1210 0 272
2591 1 105
2388 0 96
2591 2 838
2500 2 1506
2591 2 2399
2473 2 1462
2591 1 360
1985 0 9
1565 0 60
1253 0 161
2448 2 2217
2591 2 1578
2591 2 1163
1997 0 485
1225 0 214
2515 1 482
1724 0 19
2507 2 2279
2440 2 1829
2550 2 1995
2619 1 144
1179 0 217
1573 0 122
2245 0 337
2591 2 1894
1702 0 638
1133 0 182
1959 0 507
1561 0 518
2510 2 1846
715 0 512
2443 1 437
2522 2 1727
697 0 301
2602 2 2319
1893 0 599
2591 1 576
1351 0 473
2571 1 323
2614 2 1476
2627 2 2171
2334 0 580
2591 2 1581
2439 2 1342
2591 2 2236
2311 0 480
2345 0 521
1247 0 419
1806 0 634
1675 0 618
1004 0 8
1604 0 138
2468 2 1536
1842 0 36
1035 0 454
2229 0 173
2610 2 2324
2591 2 2273
2552 1 434
2591 2 2141
2591 2 1265
1066 0 491
693 0 609
2596 2 914
2522 2 776
2509 2 2236
2271 0 568
2627 2 1137
1559 0 47
2591 2 922
2591 2 1073
2591 1 20
895 0 118
2573 2 2207
2591 1 135
1680 0 578
1226 0 596
2428 2 970
1396 0 130
2550 2 2255
1976 0 5
2338 0 607
2429 1 430
1999 0 373
2256 0 457
2246 0 591
2109 0 152
1857 0 132
845 0 64
901 0 608
2591 2 2138
1550 0 493
2097 0 234
2496 2 1776
2426 2 1770
2591 2 1655
1672 0 651
2439 2 1183
776 0 288
2599 2 2324
2542 2 710
2591 2 2224
1546 0 671
2628 2 2186
2591 1 364
2439 2 1738
2577 2 1129
2591 2 1600
2628 2 1614
2591 2 1957
2591 2 1633
2542 2 1343
2625 2 747
2440 2 1625
2062 0 493
1811 0 282
2106 0 382
1815 0 474
1133 0 271
1602 0 298
2425 2 2379
2591 2 1840
2284 0 610
1841 0 203
2360 0 32
2591 2 1177
2425 2 2118
1950 0 288
2535 2 824
1974 0 649
1086 0 671
2443 2 2048
2591 1 294
974 0 17
1177 0 476
1156 0 549
2110 0 315
723 0 342
2542 2 1003
2380 0 181
1623 0 629
2591 2 1585
984 0 548
1732 0 207
2475 2 2228
2577 2 1303
1727 0 599
2559 2 1516
2425 2 2381
2429 1 669
2099 0 531
2591 2 1903
1838 0 162
2554 2 839
1977 0 352
1882 0 683
2266 0 639
1939 0 654
1144 0 36
1204 0 313
1355 0 342
1053 0 329
1003 0 298
2511 1 468
2203 0 38
1986 0 520
2591 2 2197
2480 2 1274
2439 2 2053
1244 0 471
2434 1 480
2230 0 350
2602 2 1254
1307 0 228
941 0 351
2591 1 196
2539 2 1447
1041 0 140
2563 2 1872
2601 2 2244
2591 1 485
2162 0 358
2509 1 590
2414 0 500
2428 2 1126
750 0 434
2552 2 1226
2525 2 1393
2454 2 2260
2566 2 744
2007 0 498
2425 1 568
2591 1 54
867 0 562
1182 0 225
2481 2 2251
1509 0 423
2591 2 1316
1751 0 47
2508 2 2013
1469 0 635
1745 0 288
2451 2 2366
2591 2 1989
1014 0 635
1318 0 21
1145 0 106
2510 2 2103
2591 2 1783
2591 2 1836
2411 0 244
2608 2 1929
2632 2 836
2597 2 1328
747 0 462
2082 0 501
2425 2 2371
854 0 346
2431 2 1109
2591 1 237
1901 0 591
1713 0 46
2434 2 1274
2465 1 398
1565 0 100
1198 0 580
2431 2 1662
2628 2 1535
2591 2 1959
2557 2 1701
2195 0 433
997 0 649
2369 0 617
2084 0 517
2502 2 1137
2571 2 1603
1301 0 223
2498 2 2265
2052 0 491
2628 2 1757
1100 0 636
2591 2 2012
2434 2 1304
2591 2 895
1796 0 213
2354 0 4
2571 2 802
2554 2 1068
1958 0 191
2579 2 936
2628 2 2134
2567 1 550
2441 2 806
2452 2 1902
1046 0 685
2039 0 9
2550 2 1785
2442 2 2231
2591 1 34
2591 2 1779
2356 0 449
2433 2 1937
2439 2 1220
1800 0 493
2591 1 561
2591 2 1328
1458 0 662
2591 2 2353
1389 0 685
1429 0 403
844 0 270
2431 2 715
1343 0 298
2210 0 596
2509 2 2309
2543 2 1886
2521 2 1525
2591 1 90
2468 2 847
1436 0 352
1214 0 163
705 0 593
2573 2 1623
727 0 548
776 0 346
1382 0 606
1207 0 417
2591 1 123
2591 1 129
2079 0 649
2591 2 2027
1737 0 349
2591 1 137
1329 0 596
1417 0 604
2580 2 1972
1670 0 661
2614 2 1748
2446 1 435
2468 2 1134
2265 0 665
2296 0 195
2479 2 1601
2598 1 453
2521 2 2097
2552 2 2365
835 0 629
2591 2 1022
2627 2 829
2447 2 1500
1153 0 4
1190 0 342
2511 1 666
1065 0 598
2628 2 871
2544 2 1542
1718 0 419
690 0 291
1880 0 567
952 0 193
2591 1 244
2548 2 772
1371 0 359
2628 2 1930
767 0 168
1309 0 160
1782 0 649
2591 1 262
1847 0 429
2591 2 2193
1332 0 561
998 0 6
2591 1 177
1979 0 503
1907 0 276
1368 0 358
1612 0 501
2426 2 1669
2392 0 90
2475 2 752
2126 0 214
2398 0 197
1326 0 276
2498 1 633
2314 0 580
2571 2 1416
1457 0 352
2521 2 2364
2579 2 2284
2380 0 179
2550 2 780
2591 1 86
839 0 279
1920 0 272
2591 1 155
1319 0 429
937 0 358
731 0 613
2124 0 267
2442 2 2249
1487 0 501
2069 0 580
2591 2 1012
2591 2 1347
882 0 461
2543 2 1234
2531 2 952
1486 0 565
2591 2 1441
1238 0 480
1490 0 103
2022 0 346
2611 2 1643
789 0 317
1413 0 612
2591 2 2237
2601 2 2093
2431 1 512
2591 2 2398
1724 0 277
2518 2 1551
2591 2 1251
2591 2 2370
1708 0 419
2571 2 687
2550 2 2405
2498 1 620
2591 2 1508
2496 2 2405
762 0 413
2428 2 2421
2536 2 2120
1705 0 75
2488 2 1687
1432 0 483
2094 0 228
1728 0 495
2252 0 649
1407 0 591
2591 1 178
803 0 576
2111 0 466
2591 2 1760
2542 2 717
1854 0 569
2448 2 1185
2587 2 2168
2625 2 1766
979 0 561
790 0 313
886 0 301
2559 2 2156
2439 1 380
1609 0 181
2172 0 350
1853 0 319
2517 2 1610
2591 1 267
2441 2 1448
